3
19 46
1 6 23 94
2 1 50 49
9 11 15 5
1 3 13 18
5 2 23 4
4 11 58 52
10 13 22 81
2 6 10 76
3 5 21 18
14 10 24 30
2 10 55 5
15 6 40 4
15 16 21 65
12 10 72 27
10 8 5 43
13 14 49 4
14 2 24 65
17 14 48 29
8 5 1 28
17 11 46 75
3 19 2 24
9 14 38 31
4 15 69 77
3 8 48 43
4 1 77 55
11 1 1 31
2 12 17 38
14 12 25 5
3 16 1 4
1 15 58 26
1 5 27 26
3 14 20 52
8 17 56 5
19 5 1 58
9 2 12 9
18 1 36 15
18 15 77 30
8 2 37 10
11 14 97 18
7 19 99 28
2 17 36 9
13 6 41 21
16 2 10 11
7 1 21 26
7 16 16 58
18 16 44 20
12
11 8 13 5 18 6 1 7 10 2 19 3
9 14
4 7 25 77
4 5 5 14
8 1 27 37
1 2 4 20
7 3 17 7
9 6 40 23
4 2 35 40
2 6 58 93
2 8 63 17
4 8 84 38
2 3 19 35
5 9 53 81
3 9 59 17
2 7 5 45
1
5
8 12
2 1 82 5
7 6 34 21
1 4 6 46
5 4 10 59
1 6 20 11
4 7 61 56
2 3 26 37
1 3 28 41
2 5 14 76
8 5 28 45
4 6 55 7
6 3 46 7
2
1 6
