10
9 5
10 1 14 14 12 1 15 10 13 
3 9 8 4 2 8 13 9 14 
15 1
20 14 5 12 4 19 5 10 16 1 3 9 7 19 16 
1 5 7 12 8 9 14 6 15 3 1 11 8 9 13 
15 8
8 20 5 17 7 2 4 10 18 4 20 19 16 6 7 
2 3 4 12 8 9 7 3 14 5 10 1 5 11 4 
8 1
1 18 3 2 3 17 2 20 
10 13 9 9 1 7 15 14 
7 6
7 6 14 12 16 8 19 
10 4 14 1 13 5 8 
10 6
14 9 1 13 18 4 7 3 9 6 
3 15 3 3 8 11 2 15 12 7 
8 2
16 6 5 14 5 4 12 8 
2 10 12 6 3 1 11 14 
6 2
5 7 5 12 2 4 
3 11 4 14 15 6 
6 3
11 2 7 3 4 6 
11 4 5 2 13 12 
4 4
15 15 4 12 
1 15 4 3 
