100
4 0
7 7
3 0
13 5
12 12
11 3
5 4
14 1
16 14
12 6
20 17
11 10
15 7
10 7
15 10
11 9
13 9
12 10
11 8
2 2
11 7
6 4
15 15
12 12
15 0
17 1
6 0
9 0
3 3
4 2
18 18
19 12
16 9
12 11
9 9
6 1
4 4
8 7
7 0
3 2
18 14
6 0
4 1
4 0
3 1
15 0
2 2
20 9
18 17
16 13
7 2
7 7
10 1
11 6
3 1
10 0
14 2
19 19
6 2
16 16
7 3
3 2
15 1
5 2
4 3
18 13
10 1
7 7
12 4
18 9
20 15
19 9
3 2
18 1
20 7
7 4
15 1
12 2
3 1
18 2
3 0
20 11
13 1
17 17
20 6
19 13
10 2
14 10
17 8
5 2
5 2
20 4
17 1
5 1
19 2
10 4
15 12
14 7
14 6
13 10
